R1:
[[ 0.99776212 -0.05363498 -0.03992554]
 [ 0.05429178  0.998404    0.01555164]
 [ 0.0390277  -0.01768447  0.99908163]]

R2:
[[ 0.97802221 -0.04055181 -0.20451921]
 [ 0.03712669  0.99909908 -0.02055821]
 [ 0.20516862  0.01251327  0.97864664]]

P1:
[[630.47420851   0.         413.09083366   0.        ]
 [  0.         630.47420851 250.16112137   0.        ]
 [  0.           0.           1.           0.        ]]

P2:
[[ 6.30474209e+02  0.00000000e+00  4.13090834e+02 -1.68177820e+03]
 [ 0.00000000e+00  6.30474209e+02  2.50161121e+02  0.00000000e+00]
 [ 0.00000000e+00  0.00000000e+00  1.00000000e+00  0.00000000e+00]]

Q:
[[ 1.00000000e+00  0.00000000e+00  0.00000000e+00 -4.13090834e+02]
 [ 0.00000000e+00  1.00000000e+00  0.00000000e+00 -2.50161121e+02]
 [ 0.00000000e+00  0.00000000e+00  0.00000000e+00  6.30474209e+02]
 [ 0.00000000e+00  0.00000000e+00  3.74885468e-01 -0.00000000e+00]]

